33
55 99 36 20 20 75 47 18 44 55 18 45 46 35 78 10 76 57 11 52 99 23 70 95 73 33 89 57 73 96 80 99 72
46 79 14 36 73 83 86 58 88 37 90 28 16 81 19 26 68 99 91 87 44 86 34 63 27 39 89 21 63 99 26 59 54
65 23 28 43 92 82 86 96 24 85 29 30 18 20 23 48 50 98 91 43 93 97 64 100 49 69 72 34 100 64 80 57 37
61 39 51 41 10 99 21 39 10 38 84 99 72 55 86 80 69 75 90 18 88 94 20 55 47 21 82 16 24 65 37 45 40
59 14 81 96 28 54 17 95 62 81 33 74 77 56 48 41 50 14 58 27 89 88 61 69 15 37 47 56 79 69 70 73 39
95 82 15 50 81 68 79 20 62 58 83 14 67 11 57 60 27 29 94 18 89 10 76 26 36 19 77 13 54 38 76 97 77
62 19 40 68 74 68 33 63 92 84 20 83 91 18 44 49 45 88 73 91 38 85 85 77 99 99 94 45 49 46 73 61 44
95 74 92 42 28 90 68 58 47 96 97 94 10 49 46 80 71 41 67 41 71 53 29 56 36 10 24 40 25 55 34 63 32
15 20 80 23 60 92 14 42 32 58 64 50 96 39 15 25 35 15 24 60 26 60 77 100 36 82 22 45 75 62 66 37 76
37 99 30 41 14 54 30 49 50 79 40 11 82 49 98 10 35 11 87 52 38 33 31 97 14 95 52 96 82 55 15 61 52
17 93 90 56 89 22 99 99 73 71 51 83 23 35 74 25 33 86 79 93 36 43 69 70 42 84 52 66 74 32 23 91 51
16 18 43 89 72 80 31 25 73 64 53 26 57 36 56 58 99 18 56 45 56 94 25 42 64 79 38 50 91 93 92 88 69
44 71 76 71 33 68 76 95 92 94 15 23 61 47 57 16 45 99 95 38 72 100 71 29 100 32 51 18 19 97 33 69 23
26 39 13 33 75 72 85 10 68 19 78 78 55 40 90 21 70 19 25 34 14 31 97 15 15 20 21 26 89 71 11 46 25
54 74 30 22 93 85 100 54 33 88 68 46 21 49 38 48 90 19 88 37 49 77 71 17 33 25 78 60 88 32 65 85 53
46 76 15 38 37 42 64 65 36 39 64 90 82 82 39 27 43 55 62 19 75 19 37 66 33 69 27 34 81 37 25 45 72
48 12 20 64 52 45 23 44 61 100 41 15 71 100 65 29 95 80 37 29 13 39 34 28 52 43 45 80 81 92 14 62 61
68 88 49 32 54 31 40 84 86 26 13 28 25 90 73 49 82 80 73 78 61 41 27 81 23 77 63 27 89 37 36 54 52
32 10 26 56 25 19 85 26 94 46 23 63 40 64 54 93 93 91 45 25 90 79 20 75 77 12 84 29 23 34 45 90 90
24 26 61 71 91 37 22 97 47 37 96 87 94 82 17 71 50 39 53 95 37 86 31 89 19 10 12 98 34 18 46 69 17
79 58 17 17 61 68 62 69 20 100 55 20 44 22 71 33 20 75 53 18 73 63 20 75 19 60 59 32 46 83 44 86 28
50 97 37 20 89 76 50 87 58 38 70 48 81 69 13 49 18 96 75 46 13 60 39 24 80 95 26 53 16 51 89 52 14
53 42 76 31 78 28 99 87 83 46 33 49 95 61 53 41 89 18 33 14 92 64 23 34 12 79 30 40 48 74 85 27 90
13 68 98 69 35 68 23 46 55 44 74 72 25 97 70 60 78 70 10 43 75 94 55 44 70 58 16 66 48 33 74 87 16
46 100 53 52 44 93 26 56 22 21 67 39 44 68 30 50 11 92 34 66 24 21 94 93 28 65 57 11 51 39 32 46 99
46 82 77 43 43 49 14 37 100 85 59 73 47 25 41 88 39 24 92 85 79 61 50 56 74 72 56 23 89 77 73 53 63
88 70 90 83 51 99 72 90 14 55 27 41 68 94 63 32 25 47 73 23 28 56 17 95 79 79 45 25 74 94 46 29 15
75 53 12 17 60 51 68 64 43 66 40 36 56 20 39 26 15 97 41 85 79 73 72 43 91 64 93 62 24 65 85 45 93
87 61 86 41 75 47 35 87 29 67 22 90 29 69 46 44 71 33 44 45 53 42 79 46 55 20 34 49 52 44 72 19 90
87 45 81 64 97 47 81 93 28 91 43 88 87 12 84 99 88 35 49 32 19 52 55 30 10 41 95 57 72 75 63 26 41
37 57 51 57 21 26 95 22 41 38 73 26 43 72 47 28 89 68 61 44 76 36 74 49 23 51 42 98 19 86 72 22 53
71 56 58 40 17 49 35 47 79 52 27 51 15 36 53 15 28 75 63 54 80 15 65 73 41 50 79 82 43 17 31 76 63
75 16 18 99 63 62 56 23 44 62 38 79 57 36 46 23 29 21 94 65 69 77 64 16 60 47 40 52 58 21 78 83 85
